3
2
2
5
0
255
36
2
252
194
38
0
252
39
19
30
255
39
9
193
192
7
254
19
27
38
0
252
39
9
0
0
0
0
0
0
0
0
0
0
0
0
0
0
0
0
0
0
0
0
0
0
0
0
0
0
0
0
0
0
0
0
0
0
0
0
0
0
0
0
0
0
0
0
0
0
0
0
0
0
0
0
0
0
0
0
0
0
0
0
0
0
0
0
0
0
0
0
0
0
0
0
0
0
0
0
0
0
0
0
0
0
0
0
0
0
0
0
0
0
0
0
0
0
0
0
0
0
0
0
0
0
0
0
0
0
0
0
0
0
0
0
0
0
0
0
0
0
0
0
0
0
0
0
0
0
0
0
0
0
0
0
0
0
0
0
0
0
0
0
0
0
0
0
0
0
0
0
0
0
0
0
0
0
0
0
0
0
0
0
0
0
0
0
0
0
0
0
0
0
0
0
0
0
0
0
0
0
0
0
0
0
0
0
0
0
0
0
0
0
0
0
0
0
0
0
0
0
0
0
0
0
0
0
0
0
0
0
0
0
0
0
0
0
0
0
0
0
0
0
0
0
0
0
0
0
3
2
1
36
2
252
5
8
23
5
25
24
13
24
255
30
24
31
23
39
12
39
6
4
29
126
129
165
129
165
153
129
126
0
0
0
0
0
0
0
0
0
0
0
0
0
0
0
0
0
0
0
0
0
0
0
0
0
0
0
0
0
0
0
0
0
0
0
0
0
0
0
0
0
0
0
0
0
0
0
0
0
0
0
0
0
0
0
0
0
0
0
0
0
0
0
0
0
0
0
0
0
0
0
0
0
0
0
0
0
0
0
0
0
0
0
0
0
0
0
0
0
0
0
0
0
0
0
0
0
0
0
0
0
0
0
0
0
0
0
0
0
0
0
0
0
0
0
0
0
0
0
0
0
0
0
0
0
0
0
0
0
0
0
0
0
0
0
0
0
0
0
0
0
0
0
0
0
0
0
0
0
0
0
0
0
0
0
0
0
0
0
0
0
0
0
0
0
0
0
0
0
0
0
0
0
0
0
0
0
0
0
0
0
0
0
0
0
0
0
0
0
0
0
0
0
0
0
0
0
0
0
0
0
0
0
0
0
0
0
0
0
0
0
0
0
0
0
0
0
0
0
4
0
0
165
36
2
252
10
236
232
10
237
233
5
240
246
5
0
234
5
0
235
35
1
252
5
16
239
10
232
255
10
233
254
33
232
33
233
33
234
33
235
36
1
252
9
234
19
10
7
238
9
235
19
0
38
1
252
39
61
10
238
234
7
235
31
239
39
24
33
232
33
233
9
234
35
1
252
8
246
30
246
9
232
26
233
38
0
252
39
12
41
92
0
39
0
29
246
12
246
17
48
192
9
246
19
240
38
0
252
39
92
43
0
0
0
0
0
0
0
0
0
0
0
0
0
0
0
0
0
0
0
0
0
0
0
0
0
0
0
0
0
0
0
0
0
0
0
0
0
0
0
0
0
0
0
0
0
0
0
0
0
0
0
0
0
0
0
0
0
0
0
0
0
0
0
0
0
0
0
0
0
0
0
0
0
0
0
0
0
0
0
0
0
0
0
0
0
0
0
0
0
0
0
0
0
0
0
0
0
0
0
0
0
0
0
0
0
0
0
0
0
0
0
0
0
0
0
0
0
0
0
0
0
0
0
0
0
0
0
193
6
0
0
0
0
0
0
0
0
0
0
0
0
0
0
0
0
0
0
3
2
0
36
2
252
4
0
20
255
7
254
10
255
45
9
253
28
255
7
255
20
45
38
0
252
41
30
39
6
5
18
46
5
255
47
31
47
39
36
31
46
39
33
43
0
0
0
0
0
0
0
0
0
0
0
0
0
0
0
0
0
0
0
0
0
0
0
0
0
0
0
0
0
0
0
0
0
0
0
0
0
0
0
0
0
0
0
0
0
0
0
0
0
0
0
0
0
0
0
0
0
0
0
0
0
0
0
0
0
0
0
0
0
0
0
0
0
0
0
0
0
0
0
0
0
0
0
0
0
0
0
0
0
0
0
0
0
0
0
0
0
0
0
0
0
0
0
0
0
0
0
0
0
0
0
0
0
0
0
0
0
0
0
0
0
0
0
0
0
0
0
0
0
0
0
0
0
0
0
0
0
0
0
0
0
0
0
0
0
0
0
0
0
0
0
0
0
0
0
0
0
0
0
0
0
0
0
0
0
0
0
0
0
0
0
0
0
0
0
0
0
0
0
0
0
0
0
0
0
0
0
0
0
0
0
0
0
0
0
0
0
0
0
0
0
0
0
0
0
0
0
0
0
0
0
3
2
0
5
0
252
5
5
144
5
145
163
12
163
37
0
252
39
24
192
30
163
39
12
41
61
37
3
252
39
42
30
144
37
0
252
39
52
30
144
39
24
10
144
255
41
104
4
32
192
39
31
4
13
192
4
10
192
0
39
0
35
1
252
10
144
141
34
141
36
0
141
10
144
143
22
143
141
37
1
252
39
100
29
141
29
141
9
141
19
1
38
0
252
39
72
36
3
252
43
35
3
252
43
10
144
143
5
164
167
22
143
142
8
167
30
167
9
143
38
0
252
39
110
29
167
12
167
17
48
192
9
167
19
164
38
0
252
39
124
43
0
10
0
0
80
114
105
109
101
32
108
105
115
116
32
58
32
50
32
51
32
0
0
0
0
0
0
0
0
0
0
0
0
0
0
0
0
0
0
0
0
0
0
0
0
0
0
0
0
0
0
0
0
0
0
0
0
0
0
0
0
0
0
0
0
0
0
0
0
0
0
0
0
0
0
0
0
0
0
0
0
0
0
0
0
0
0
0
0
0
0
0
0
0
0
0
0
0
0
0
0
0
0
0
0
0
0
0
0
0
0
0
0
0
0
5
0
211
5
0
212
36
2
252
46
7
209
22
209
210
7
209
17
200
7
206
13
206
206
5
128
208
10
209
213
37
0
252
39
41
34
208
29
213
39
30
9
253
7
255
42
206
41
56
37
0
252
39
41
39
6
9
253
23
252
37
0
252
43
1
20
208
37
0
252
39
79
30
211
5
0
255
39
88
30
211
30
212
5
255
255
39
88
10
211
207
33
207
33
207
33
207
33
207
9
207
18
212
7
254
5
255
213
2
8
31
213
39
110
2
0
35
0
252
43
5
0
254
43
5
1
254
43
23
3
19
3
38
0
252
39
120
39
124
23
3
38
0
252
39
124
39
120
23
3
37
0
252
39
120
19
3
37
0
252
39
120
39
124
23
3
38
0
252
39
120
39
124
23
3
19
3
38
0
252
39
124
39
120
23
3
37
0
252
39
124
19
3
37
0
252
39
124
39
120
128
139
148
173
164
184
0
0
0
0
6
0
0
0
0
0
0
0
0
0
0
0
0
0
0
0
0
0
0
0
0
0
0
0
0
0
0
0
0
0
0
0
0
0
0
0
0
0
0
0
0
0
0
0
0
0
3
2
0
36
2
252
46
7
188
10
188
255
5
0
190
41
144
194
38
0
252
39
32
41
160
37
1
252
39
106
39
17
193
192
7
189
19
13
37
0
252
39
80
9
189
35
1
252
19
97
38
1
252
19
32
17
97
35
1
252
19
65
38
1
252
19
7
17
65
19
48
21
190
249
18
190
7
190
39
17
5
0
252
9
188
20
190
37
0
252
39
94
39
106
5
255
255
5
192
191
41
118
41
130
39
0
5
0
255
5
203
191
41
118
41
130
39
0
12
191
37
0
252
43
1
192
30
191
39
118
5
215
191
41
118
193
19
32
38
0
252
39
130
43
5
0
187
10
248
185
5
255
186
5
0
254
35
1
252
43
31
186
43
1
5
255
186
31
185
43
1
10
248
185
35
1
252
33
187
30
187
10
187
254
43
0
0
0
0
0
0
0
13
10
89
111
117
32
119
105
110
33
0
13
10
89
111
117
32
108
111
115
101
33
0
32
112
114
101
115
115
32
83
80
65
67
69
32
116
111
32
114
101
115
116
97
114
116
13
10
0
0
0
0
0
0
0
0
20
16
0
0
0
0
0
0
5
4
252
5
0
211
46
23
7
7
236
46
23
7
7
237
46
23
7
7
238
46
23
7
7
239
10
236
244
10
237
245
10
238
246
10
239
247
5
4
254
10
253
251
37
0
252
39
41
5
255
250
30
250
34
251
38
1
252
39
52
35
1
252
4
243
18
254
7
75
7
85
9
250
28
255
38
0
252
39
89
30
248
5
42
255
5
43
250
4
239
18
254
7
97
10
250
255
9
253
17
0
38
0
252
39
98
31
254
39
41
5
4
250
5
4
251
9
244
28
240
38
0
252
39
134
30
249
5
41
244
5
44
240
30
118
30
130
31
251
39
117
5
244
118
5
244
130
30
120
30
133
31
250
39
114
5
240
120
5
240
133
35
1
252
30
248
29
248
37
0
252
39
184
33
250
9
250
17
16
7
250
39
167
30
249
29
249
37
0
252
39
199
33
248
30
248
39
186
9
250
26
248
7
254
5
0
248
30
211
5
255
255
38
7
253
39
213
37
7
253
39
218
27
240
37
0
252
39
0
39
26
0
0
0
0
0
0
0
0
0
0
0
0
0
0
0
0
0
0
0
0
0
0
0
0
