2
32
5
1
255
33
255
9
253
28
255
7
255
39
5
0
0
0
0
0
0
0
0
0
0
0
0
0
0
0
0
0
0
0
0
0
0
0
0
0
0
0
0
0
0
0
0
0
0
0
0
0
0
0
0
0
0
0
0
0
0
0
0
0
0
0
0
0
0
0
0
0
0
0
0
0
0
0
0
0
0
0
0
0
0
0
0
0
0
0
0
0
0
0
0
0
0
0
0
0
0
0
0
0
0
0
0
0
0
0
0
0
0
0
0
0
0
0
0
0
0
0
0
0
0
0
0
0
0
0
0
0
0
0
0
0
0
0
0
0
0
0
0
0
0
0
0
0
0
0
0
0
0
0
0
0
0
0
0
0
0
0
0
0
0
0
0
0
0
0
0
0
0
0
0
0
0
0
0
0
0
0
0
0
0
0
0
0
0
0
0
0
0
0
0
0
0
0
0
0
0
0
0
0
0
0
0
0
0
0
0
0
0
0
0
0
0
0
0
0
0
0
0
0
0
0
0
0
0
0
0
0
0
0
0
0
0
0
0
0
0
0
0
0
0
0
0
0
0
0
0
0
1
0
0
0
36
2
252
5
0
255
5
0
254
9
240
17
1
7
240
9
255
17
0
7
255
9
254
17
0
7
254
39
9
0
0
0
0
0
0
0
0
0
0
0
0
0
0
0
0
0
0
0
0
0
0
0
0
0
0
0
0
0
0
0
0
0
0
0
0
0
0
0
0
0
0
0
0
0
0
0
0
0
0
0
0
0
0
0
0
0
0
0
0
0
0
0
0
0
0
0
0
0
0
0
0
0
0
0
0
0
0
0
0
0
0
0
0
0
0
0
0
0
0
0
0
0
0
0
0
0
0
0
0
0
0
0
0
0
0
0
0
0
0
0
0
0
0
0
0
0
0
0
0
0
0
0
0
0
0
0
0
0
0
0
0
0
0
0
0
0
0
0
0
0
0
0
0
0
0
0
0
0
0
0
0
0
0
0
0
0
0
0
0
0
0
0
0
0
0
0
0
0
0
0
0
0
0
0
0
0
0
0
0
0
0
0
0
0
0
0
0
0
0
0
0
0
0
0
0
0
0
0
0
0
0
0
0
0
0
0
0
0
0
0
0
0
0
0
0
0
0
0
0
0
0
0
0
0
0
0
36
2
252
5
0
254
5
0
255
35
1
252
9
240
19
1
7
240
9
255
19
0
7
255
9
254
19
0
7
254
39
9
0
0
0
0
0
0
0
0
0
0
0
0
0
0
0
0
0
0
0
0
0
0
0
0
0
0
0
0
0
0
0
0
0
0
0
0
0
0
0
0
0
0
0
0
0
0
0
0
0
0
0
0
0
0
0
0
0
0
0
0
0
0
0
0
0
0
0
0
0
0
0
0
0
0
0
0
0
0
0
0
0
0
0
0
0
0
0
0
0
0
0
0
0
0
0
0
0
0
0
0
0
0
0
0
0
0
0
0
0
0
0
0
0
0
0
0
0
0
0
0
0
0
0
0
0
0
0
0
0
0
0
0
0
0
0
0
0
0
0
0
0
0
0
0
0
0
0
0
0
0
0
0
0
0
0
0
0
0
0
0
0
0
0
0
0
0
0
0
0
0
0
0
0
0
0
0
0
0
0
0
0
0
0
0
0
0
0
0
0
0
0
0
0
0
0
0
0
0
0
0
0
0
0
0
0
0
0
0
0
0
0
0
0
0
0
0
0
0
0
0
0
0
0
0
3
2
0
36
2
252
5
2
254
5
0
255
5
5
96
41
44
37
3
252
39
33
30
96
37
0
252
39
40
30
96
39
15
10
96
255
41
87
39
22
39
40
39
0
35
1
252
10
96
93
34
93
36
0
93
10
96
95
22
95
93
37
1
252
39
83
29
93
29
93
9
93
27
1
38
0
252
39
55
36
3
252
43
35
3
252
43
10
96
255
30
254
43
0
10
0
0
0
0
0
0
0
0
0
0
0
0
0
0
0
0
0
0
0
0
0
0
0
0
0
0
0
0
0
0
0
0
0
0
0
0
0
0
0
0
0
0
0
0
0
0
0
0
0
0
0
0
0
0
0
0
0
0
0
0
0
0
0
0
0
0
0
0
0
0
0
0
0
0
0
0
0
0
0
0
0
0
0
0
0
0
0
0
0
0
0
0
0
0
0
0
0
0
0
0
0
0
0
0
0
0
0
0
0
0
0
0
0
0
0
0
0
0
0
0
0
0
0
0
0
0
0
0
0
0
0
0
0
0
0
0
0
0
0
0
0
0
0
0
0
0
0
0
0
0
0
0
0
0
0
0
0
0
0
0
0
3
36
2
252
9
253
38
0
252
39
13
39
4
10
253
44
37
0
252
39
38
9
43
28
44
7
255
35
1
252
4
0
20
255
7
254
39
13
10
255
43
39
4
0
0
0
0
0
0
0
0
0
0
0
0
0
0
0
0
0
0
0
0
0
0
0
0
0
0
0
0
0
0
0
0
0
0
0
0
0
0
0
0
0
0
0
0
0
0
0
0
0
0
0
0
0
0
0
0
0
0
0
0
0
0
0
0
0
0
0
0
0
0
0
0
0
0
0
0
0
0
0
0
0
0
0
0
0
0
0
0
0
0
0
0
0
0
0
0
0
0
0
0
0
0
0
0
0
0
0
0
0
0
0
0
0
0
0
0
0
0
0
0
0
0
0
0
0
0
0
0
0
0
0
0
0
0
0
0
0
0
0
0
0
0
0
0
0
0
0
0
0
0
0
0
0
0
0
0
0
0
0
0
0
0
0
0
0
0
0
0
0
0
0
0
0
0
0
0
0
0
0
0
0
0
0
0
0
0
0
0
0
0
0
0
0
0
0
0
0
0
0
0
0
0
0
0
0
0
0
0
0
0
0
0
0
3
5
0
218
5
0
219
36
2
252
46
7
216
22
216
217
7
216
35
1
252
17
207
7
213
13
213
213
5
128
215
10
216
220
37
0
252
39
45
34
215
29
220
39
34
9
253
7
255
42
213
41
60
37
0
252
39
45
39
7
9
253
23
252
37
0
252
43
1
28
215
37
0
252
39
83
30
218
5
0
255
39
92
30
218
30
219
5
255
255
39
92
35
1
252
10
218
214
33
214
33
214
33
214
33
214
9
214
26
219
7
254
5
255
220
2
8
31
220
39
117
2
0
35
0
252
43
5
0
254
43
5
1
254
43
23
3
27
3
38
0
252
39
127
39
131
23
3
38
0
252
39
131
39
127
23
3
37
0
252
39
127
27
3
37
0
252
39
127
39
131
23
3
38
0
252
39
127
39
131
23
3
27
3
38
0
252
39
131
39
127
23
3
37
0
252
39
131
27
3
37
0
252
39
131
39
127
135
146
155
180
171
191
0
0
0
0
6
0
0
0
0
0
0
0
0
0
0
0
0
0
0
0
0
0
0
0
0
0
0
0
0
0
0
0
0
0
0
0
0
0
0
0
0
0
0
3
36
2
252
5
129
255
5
1
254
5
255
176
31
176
39
13
33
254
37
7
253
39
36
37
0
253
39
31
39
10
5
18
70
39
39
5
20
70
9
253
38
0
252
39
39
5
0
172
46
23
127
7
174
46
23
127
7
175
35
1
252
10
174
254
10
175
255
9
174
18
175
28
172
38
0
252
39
142
39
81
5
255
254
10
172
255
41
99
10
174
254
10
175
255
41
99
39
81
5
8
176
5
255
177
9
253
38
0
252
39
133
35
1
252
9
177
19
1
7
177
9
176
19
0
7
176
38
0
252
39
105
43
9
253
38
0
252
39
133
39
46
9
253
38
0
252
39
151
39
142
10
253
173
37
0
252
39
167
9
172
28
173
7
255
39
151
10
255
172
39
59
0
0
0
0
0
0
0
0
0
0
0
0
0
0
0
0
0
0
0
0
0
0
0
0
0
0
0
0
0
0
0
0
0
0
0
0
0
0
0
0
0
0
0
0
0
0
0
0
0
0
0
0
0
0
0
0
0
0
0
0
0
0
0
0
0
0
0
0
0
0
0
0
0
0
0
0
0
0
0
0
0
0
0
0
3
5
4
252
5
0
213
46
23
7
7
236
46
23
7
7
237
46
23
7
7
238
46
23
7
7
239
5
0
255
10
236
244
10
237
245
10
238
246
10
239
247
5
4
254
10
253
251
37
0
252
39
45
5
255
250
30
250
34
251
38
1
252
39
56
35
1
252
4
243
18
254
7
79
7
89
9
250
28
255
38
0
252
39
93
30
248
5
42
255
5
43
250
4
239
18
254
7
101
10
250
255
9
253
38
0
252
39
102
31
254
39
45
5
4
250
5
4
251
9
244
28
240
38
0
252
39
136
30
249
5
41
244
5
44
240
30
120
30
132
31
251
39
119
5
244
120
5
244
132
30
122
30
135
31
250
39
116
5
240
122
5
240
135
35
1
252
30
248
29
248
37
0
252
39
186
33
250
9
250
17
16
7
250
39
169
30
249
29
249
37
0
252
39
201
33
248
30
248
39
188
9
250
26
248
7
254
5
0
248
30
213
5
255
255
38
7
253
39
215
37
7
253
39
220
27
240
37
0
252
39
1
39
27
0
0
0
0
0
0
0
0
0
0
0
0
0
0
0
0
0
0
0
0
0
0
